204 
32625.433594 11 0 0 22 8 -11 3 -13 12 15 6 15 
19028.701172 15 0 15 18 10 -11 6 -20 8 15 15 0 
10130.917969 9 0 0 24 6 0 1 -15 0 15 15 0 
3671.630371 15 7 7 13 -6 -7 15 4 6 10 1 0 
3463.864258 15 0 15 18 1 25 6 -2 -12 15 1 1 
2785.549561 15 0 8 18 6 23 6 -15 2 15 14 15 
1447.680298 9 0 0 24 6 0 1 -15 0 15 15 0 
811.896240 15 11 1 17 7 -1 8 -3 1 14 1 0 
777.702454 11 15 6 6 16 4 14 0 -13 6 0 8 
711.189514 15 0 15 15 -12 30 11 12 -6 13 15 0 
515.105225 11 0 15 11 8 11 4 -15 -12 10 7 0 
346.537903 15 7 7 13 -6 -7 15 4 6 10 1 0 
255.970139 10 10 0 16 23 -3 8 2 25 15 15 15 
243.543381 14 13 15 17 -14 18 4 11 6 9 0 15 
156.916977 11 0 15 13 -23 12 9 34 16 15 10 10 
156.822678 15 6 15 18 6 17 6 11 8 15 14 14 
141.083374 15 6 15 18 6 17 6 11 8 15 14 14 
133.336258 6 0 11 12 7 -12 -2 -14 9 9 10 0 
130.232971 11 6 15 11 -5 -6 6 3 3 6 1 0 
119.318954 11 0 5 12 3 -5 5 -5 4 5 2 0 
104.445084 11 0 12 12 1 -12 5 -2 10 6 1 0 
98.631454 11 15 0 22 17 30 3 4 0 15 8 12 
93.860130 6 1 0 16 11 -10 0 -21 9 11 10 15 
91.855019 15 10 10 13 6 23 15 6 2 11 4 15 
87.889267 11 0 0 13 0 -10 4 0 10 11 0 15 
80.555466 15 15 0 17 22 5 8 4 -13 14 7 15 
69.530632 11 12 15 8 -10 25 11 8 1 7 0 2 
68.956604 8 6 5 15 17 -5 0 17 1 12 6 10 
63.497997 15 6 15 16 16 18 11 -12 6 10 11 15 
63.034599 11 15 0 6 18 8 13 0 -14 6 0 6 
56.324841 5 3 0 11 2 15 1 -6 -28 11 4 15 
55.965584 12 7 15 6 1 -13 4 -6 10 5 4 0 
52.530708 11 15 0 13 -14 6 4 11 -10 11 0 5 
51.499046 10 9 0 11 -5 0 0 2 0 5 1 0 
48.958351 5 4 0 10 8 11 4 -19 -22 10 11 15 
39.148819 5 4 0 13 6 12 -5 -18 -23 13 13 14 
38.974670 11 15 11 9 17 11 9 10 -28 8 6 15 
37.016876 15 10 10 23 5 8 0 20 15 10 10 14 
30.862265 7 2 8 16 8 -4 2 12 -2 11 15 4 
30.116117 11 0 5 15 5 26 2 -10 -1 12 7 15 
26.307840 5 3 0 3 -17 -13 18 35 32 15 15 15 
25.512718 12 7 15 9 21 20 10 8 -18 7 8 0 
22.733122 6 0 12 16 20 -6 1 14 -4 10 8 11 
22.074997 5 4 0 10 7 11 4 -17 -23 10 10 15 
20.634192 12 7 15 6 1 -13 4 -6 10 5 4 0 
19.554373 13 12 13 4 -11 -13 5 7 11 5 1 0 
19.424543 12 15 8 6 9 19 13 -3 13 6 0 8 
19.043587 5 8 0 9 -3 4 -1 -3 -12 10 5 15 
19.037163 12 14 7 6 -8 -7 4 0 6 5 5 0 
18.795328 12 14 7 6 -8 -7 4 0 6 5 5 0 
18.609566 10 12 15 7 22 -13 13 4 10 6 7 0 
17.612873 6 10 0 7 -9 9 2 6 -17 6 1 8 
15.411886 15 6 15 18 8 24 6 -2 -3 15 11 4 
13.139193 10 12 15 14 -8 22 9 10 -1 15 6 9 
12.078319 7 1 3 15 10 7 4 -15 -15 12 8 8 
10.800200 13 10 9 12 -8 18 5 8 12 10 1 10 
10.053277 12 3 4 9 6 -4 11 1 3 7 10 0 
8.783125 11 15 6 6 16 4 14 1 -13 6 0 8 
8.220646 14 12 12 18 14 18 1 11 10 11 6 12 
8.125490 15 6 9 18 7 9 6 6 5 15 12 6 
7.686671 7 0 2 10 7 -4 0 -17 1 12 15 8 
7.387656 14 9 13 19 11 14 3 -6 16 10 5 10 
7.158579 6 0 12 10 1 2 4 -4 -8 8 6 15 
7.119785 6 7 1 14 4 3 -1 19 -10 10 4 9 
6.646105 11 0 15 22 33 -15 3 -6 12 15 15 0 
6.519973 11 0 15 12 -8 26 6 6 0 11 15 0 
6.209521 9 0 7 17 9 15 0 -16 17 12 7 8 
6.031299 6 0 12 15 14 -7 0 -13 1 8 3 4 
5.876033 12 1 7 16 0 7 3 21 4 11 15 6 
5.834657 14 9 10 13 18 -8 3 1 5 10 10 1 
5.516537 8 8 0 10 14 -1 7 -9 24 9 5 15 
5.447573 6 7 1 15 24 -1 1 4 -4 11 13 15 
5.343981 13 8 8 11 9 -7 9 7 5 7 9 1 
5.308937 11 13 15 8 1 -7 4 -9 4 8 6 0 
5.201582 15 15 15 18 26 23 6 -11 -4 15 11 4 
5.167375 15 10 10 17 10 5 8 11 19 12 7 12 
4.888817 12 7 15 14 3 6 5 17 28 12 10 4 
4.675369 6 0 12 12 27 -14 2 -9 12 11 6 12 
4.668145 15 15 15 18 22 24 6 1 -3 15 6 9 
4.531935 11 13 15 15 14 29 3 16 -16 10 8 6 
4.525635 10 12 15 12 18 27 5 -5 -16 13 13 6 
4.463222 13 15 10 17 11 -5 0 19 4 10 6 11 
4.155411 11 15 11 13 24 16 3 -4 15 10 10 8 
4.068980 15 11 4 23 -1 10 -2 31 -12 10 6 11 
4.018885 11 15 3 22 18 31 3 8 -2 15 10 10 
3.945838 6 0 8 17 -16 6 -1 22 8 11 15 4 
3.797870 11 14 15 22 19 18 3 7 8 15 10 10 
3.751836 13 10 5 11 23 -7 9 7 14 7 5 8 
3.645117 6 0 12 17 27 -9 -1 -1 3 11 15 6 
3.466774 3 0 7 20 7 9 -3 -11 21 8 5 6 
3.360882 11 10 8 9 8 0 10 16 -11 6 0 12 
3.353749 6 6 7 13 -5 1 5 8 -1 11 8 5 
3.057695 13 10 10 7 8 2 5 -15 -3 8 6 0 
2.989300 10 7 7 15 -3 26 2 11 -1 12 7 15 
2.964397 13 10 5 11 1 15 5 3 10 9 5 15 
2.909359 13 9 9 11 3 3 3 -8 -9 8 4 8 
2.792346 15 6 9 13 12 10 14 0 0 11 15 3 
2.747569 10 9 0 12 13 -2 4 2 -1 10 6 12 
2.644694 12 7 11 10 15 32 6 -12 -10 7 1 9 
2.593503 11 15 0 14 31 -13 2 -10 19 10 5 15 
2.456773 11 15 4 10 19 7 7 -17 9 11 0 11 
2.314893 11 9 15 12 15 25 7 -6 -12 11 3 2 
2.202534 11 0 13 15 -16 19 0 27 -5 11 15 4 
2.168095 6 0 12 11 32 -18 4 -20 19 11 10 13 
2.132224 15 1 1 15 8 10 13 -15 -19 11 13 15 
2.099628 12 15 7 16 -12 -2 3 10 7 11 0 5 
2.025530 6 5 7 17 -3 8 -2 0 -4 12 3 6 
2.004279 5 11 0 8 -7 6 5 6 -12 10 2 7 
1.961731 13 10 2 17 6 -1 -7 -8 2 8 2 10 
1.879297 8 6 15 12 7 -11 3 -6 5 8 2 3 
1.850147 12 12 3 12 12 7 7 20 23 10 7 8 
1.818650 11 15 11 12 22 7 9 -3 0 11 8 13 
1.750579 8 6 15 10 3 -6 5 11 1 6 6 2 
1.745786 11 8 2 13 1 14 4 -1 5 11 0 11 
1.595175 10 12 15 12 17 14 4 -1 16 10 7 5 
1.584797 10 12 15 12 15 22 4 1 4 10 3 3 
1.580947 11 15 11 11 22 12 8 0 -2 13 10 2 
1.548453 13 11 11 12 7 7 11 -9 19 6 5 7 
1.537351 3 0 7 17 9 9 -5 -19 -15 11 13 13 
1.537037 14 9 11 17 11 2 3 13 -2 11 15 4 
1.493589 8 6 15 12 4 8 2 20 -17 7 5 7 
1.485840 6 4 11 16 1 -5 -3 -2 -3 9 3 5 
1.451531 14 1 1 19 33 33 5 -6 -6 15 15 15 
1.421788 13 11 11 15 6 5 4 5 11 9 3 6 
1.351349 11 4 4 13 8 7 4 11 16 11 13 15 
1.332975 12 12 0 14 15 -3 5 4 1 12 10 13 
1.309576 6 0 12 2 6 -1 9 -11 -5 6 5 7 
1.238666 13 11 11 16 10 11 4 -3 -2 11 3 2 
1.226565 12 15 7 13 27 10 5 -10 4 10 11 13 
1.204108 14 9 11 17 6 1 1 17 9 11 15 11 
1.202840 12 12 3 10 12 4 10 -6 16 8 4 8 
1.187314 13 8 13 13 7 4 5 -2 15 9 9 3 
1.185711 13 10 5 17 3 24 4 7 2 12 7 15 
1.180242 10 13 2 10 14 -2 7 -4 18 8 3 4 
1.172921 10 7 5 7 -1 -4 7 0 8 3 0 7 
1.172874 11 0 5 14 0 11 4 0 -9 6 0 12 
1.149617 3 0 7 16 1 5 -1 -3 -1 12 3 6 
1.133391 11 10 8 13 1 -3 -1 -4 6 6 2 2 
1.133018 6 6 7 17 -5 12 -4 4 1 6 0 8 
1.112668 12 15 15 14 22 24 5 0 -2 12 3 6 
1.103301 12 4 7 10 15 17 5 13 -9 10 10 5 
1.102603 11 6 2 13 11 3 4 -2 12 11 8 13 
1.077347 11 13 2 14 15 10 2 -17 -17 6 6 14 
1.066803 12 1 0 13 8 12 7 -13 -22 10 8 12 
1.065875 12 15 7 13 19 21 5 9 8 11 4 4 
1.061349 10 3 3 11 3 27 6 1 -1 9 6 15 
1.055399 9 6 6 16 28 24 3 -2 5 14 12 12 
1.050406 13 9 9 18 12 20 2 -9 -27 6 5 13 
1.009310 6 11 0 8 12 0 2 7 -3 8 2 10 
0.989250 3 0 7 14 -3 21 4 7 5 9 5 15 
0.948027 12 12 0 16 20 -3 3 -3 2 13 8 13 
0.913495 5 11 0 5 -9 0 5 12 0 8 6 0 
0.903465 12 10 3 14 8 7 3 6 6 10 9 12 
0.901452 6 1 5 12 10 0 2 10 -5 9 9 4 
0.892106 11 15 6 14 10 3 3 5 8 12 10 13 
0.888825 11 3 2 9 2 8 5 -7 -12 8 4 9 
0.859113 10 10 15 11 14 20 6 0 -2 11 6 2 
0.843730 12 10 13 10 -8 16 10 10 9 6 1 5 
0.797437 8 8 3 6 30 -16 12 -18 24 7 5 8 
0.764650 10 3 3 12 15 17 3 10 -7 11 15 4 
0.754706 10 15 3 12 23 2 4 -10 1 10 3 3 
0.754336 6 0 12 12 8 -6 4 7 0 6 6 3 
0.754097 6 0 12 13 13 -8 0 11 5 10 4 6 
0.741020 10 12 15 14 14 4 6 5 -5 12 12 0 
0.725554 13 15 15 16 25 24 4 -10 -9 10 3 3 
0.703378 6 6 3 15 -5 5 4 10 -6 11 10 8 
0.685244 12 15 7 13 23 15 6 -12 -5 10 3 3 
0.684452 3 0 7 15 4 1 -4 -7 2 7 3 2 
0.667775 11 15 6 12 24 9 6 -9 2 13 3 10 
0.608783 6 6 7 17 -5 17 0 5 3 12 4 7 
0.608069 13 10 2 17 12 5 1 -10 -9 6 3 9 
0.588121 13 0 2 15 5 2 7 -12 1 11 12 2 
0.572413 13 7 12 9 0 18 13 -3 7 6 6 7 
0.567014 13 3 10 16 7 7 5 6 6 13 11 11 
0.561163 15 3 3 14 7 10 13 -5 -12 11 6 10 
0.545340 15 2 4 14 6 11 13 -6 -9 11 6 10 
0.543861 12 15 7 17 12 5 4 -1 -2 11 3 2 
0.528577 10 3 0 13 6 2 2 -3 -7 11 6 12 
0.515480 14 9 11 14 -1 14 8 19 -9 11 13 2 
0.496048 11 6 2 14 3 8 3 12 6 12 10 13 
0.466572 13 10 5 17 4 4 3 8 10 14 12 12 
0.454984 11 13 13 13 10 5 4 0 -2 11 3 2 
0.453285 10 12 8 14 -4 10 2 10 6 6 1 5 
0.413339 13 10 5 14 11 5 4 0 11 9 3 6 
0.400583 12 0 6 15 -1 7 4 0 3 11 8 5 
0.392624 12 4 7 13 7 9 5 4 4 11 11 4 
0.386555 11 4 4 13 6 4 4 16 5 11 15 6 
0.385365 11 3 2 16 7 2 -4 -9 2 7 6 7 
0.367614 12 15 7 16 14 4 2 -1 6 11 6 2 
0.356972 11 4 4 15 4 3 5 8 11 14 12 12 
0.329863 11 6 0 13 8 6 4 1 -14 11 7 10 
0.319091 10 8 15 12 12 25 5 -1 -7 12 6 6 
0.312610 11 6 12 13 8 10 4 -2 8 8 3 4 
0.302981 11 6 7 13 8 5 4 5 12 11 12 7 
0.298882 12 9 0 14 11 -1 5 4 -1 12 9 9 
0.296417 10 3 3 11 3 1 6 2 11 11 7 11 
0.271019 13 8 13 15 5 10 4 3 -1 11 4 4 
0.256110 11 0 11 12 0 13 8 0 5 3 0 7 
0.248819 11 0 9 14 5 9 3 -9 8 10 7 5 
0.246942 10 15 4 11 20 2 4 -7 5 11 4 4 
0.210209 11 4 4 12 7 0 5 1 13 9 8 5 
0.177804 12 14 15 16 18 29 3 5 -10 11 9 4 
0.130961 11 10 10 13 13 13 5 -2 3 13 7 12 
0.041097 4 14 0 5 14 0 2 4 0 4 11 0 
