66 
1669.037720 0 0 0 6 8 10 -12 -16 -19 6 10 13 
1008.281494 6 10 13 5 14 19 4 4 3 9 3 1 
845.370728 0 0 0 0 1 1 0 -2 -4 0 2 4 
438.351440 0 0 0 1 2 2 -2 -5 -6 1 3 5 
378.151611 4 8 11 8 12 14 -5 -2 3 8 7 5 
364.994354 5 6 2 -3 1 7 2 2 0 0 2 4 
250.275330 5 9 12 13 13 12 -10 0 9 11 11 10 
223.097839 12 14 15 13 11 9 -4 -3 -6 7 2 0 
217.422165 9 13 15 14 18 20 3 -4 -8 9 3 1 
210.117279 9 13 15 1 7 9 6 3 7 4 5 3 
207.978378 15 15 14 -3 -2 -2 3 5 8 1 3 5 
154.627365 11 14 15 -4 -1 2 4 4 4 0 2 4 
152.159973 4 7 9 6 11 14 1 1 2 15 14 13 
147.516617 15 15 14 15 13 8 -6 -3 0 10 4 2 
134.728897 0 0 0 12 10 10 -21 -18 -18 9 8 8 
130.255692 1 3 5 6 4 6 -8 1 3 5 3 2 
122.100281 0 0 0 7 1 0 -12 -2 0 5 1 0 
121.977631 9 13 15 17 18 14 -3 -7 0 7 8 4 
103.576576 0 0 0 13 13 12 -23 -23 -20 10 10 9 
85.390999 9 8 7 -7 -4 -1 5 4 3 0 1 2 
82.990837 11 11 12 -7 -6 -5 5 6 7 0 1 2 
79.457542 14 15 15 16 15 9 -6 -8 -2 4 6 4 
69.319550 0 0 0 3 3 0 -5 -5 0 2 2 0 
67.675117 0 0 0 9 13 15 -15 -22 -27 7 10 12 
66.813431 9 13 15 13 18 19 1 -7 -4 9 10 6 
57.726364 11 5 3 -7 3 8 7 1 1 1 3 5 
55.244343 10 4 3 1 16 23 6 0 -2 5 9 12 
53.239662 10 6 5 4 9 12 3 2 3 4 7 9 
53.067398 15 15 14 18 19 16 -6 -9 -9 9 3 1 
51.484909 4 2 1 -4 -2 -1 3 2 1 0 0 0 
49.121143 6 3 1 11 7 6 2 3 6 6 9 9 
48.414108 10 4 2 -8 3 6 6 0 0 0 2 4 
44.648014 8 5 4 6 7 9 4 8 9 9 13 15 
44.448303 9 3 1 11 6 3 -8 -6 -2 7 7 2 
44.061531 8 8 8 12 9 12 0 2 -3 6 3 1 
43.265587 10 5 3 -10 -2 2 8 3 1 0 1 2 
42.198692 9 13 15 9 14 18 12 10 7 15 14 13 
39.585186 1 4 6 5 6 8 -6 0 2 10 11 12 
39.527012 7 7 2 2 5 11 4 5 3 4 7 9 
36.707573 15 15 14 25 23 16 -12 -11 -5 8 8 4 
35.249416 11 11 11 10 9 7 -4 -3 0 2 3 1 
33.993790 12 11 10 3 2 5 7 12 13 9 13 15 
33.991959 11 5 3 9 4 1 8 12 15 12 14 15 
33.693420 7 2 0 7 6 5 -2 -4 -3 5 7 5 
32.928833 9 8 7 14 13 9 -10 -8 -3 7 7 2 
32.618835 10 4 2 5 4 4 12 11 10 14 15 15 
32.261086 10 4 2 13 7 6 -4 0 2 7 7 2 
29.945848 0 1 2 4 5 2 -9 -6 2 5 5 1 
29.907778 9 3 1 17 6 0 -6 1 9 8 8 4 
28.394444 0 0 0 4 4 3 -7 -7 -5 3 3 2 
27.398214 7 2 0 -3 -1 0 3 2 -1 2 3 1 
27.284784 10 4 2 9 8 9 -4 -5 -4 5 7 5 
27.100149 1 2 0 -1 -2 0 1 2 0 0 0 0 
26.438103 11 5 3 12 7 2 -1 0 1 4 3 0 
25.204790 11 5 3 12 8 4 2 2 7 9 10 6 
24.944849 12 14 15 15 16 11 1 -3 4 9 10 6 
22.897465 7 7 2 0 -1 -5 4 4 6 5 4 3 
22.176130 15 14 13 15 13 10 -2 -1 -2 4 5 2 
20.035078 9 3 1 13 7 5 -2 -5 -6 8 10 8 
19.328848 14 15 15 15 18 17 3 2 8 6 9 8 
18.009512 7 2 0 6 3 3 -4 -2 -5 7 7 2 
17.668470 8 5 4 5 3 4 0 2 -1 2 3 1 
13.673987 8 8 8 15 11 12 -5 0 -2 7 7 2 
10.710103 12 14 15 17 17 22 -6 -5 -13 4 5 2 
10.064154 7 7 2 5 8 3 1 -2 -1 6 8 6 
0.500534 9 9 4 11 12 5 2 3 1 8 8 2 
