16 
684.093018 11 11 11 12 7 -1 -7 -5 6 14 10 2 
619.224731 11 7 1 8 6 4 -1 0 -1 11 11 11 
595.566101 0 0 0 3 0 0 -6 0 0 3 0 0 
551.292358 9 6 1 -8 -5 -1 6 4 1 0 0 0 
208.955200 6 1 0 7 7 4 2 2 2 6 6 5 
201.653595 0 0 0 9 8 7 -17 -15 -12 8 7 6 
180.264206 14 10 2 10 5 -5 3 3 7 13 11 8 
163.750732 11 11 11 5 5 3 8 4 3 13 11 8 
159.536957 0 0 0 9 8 7 -17 -15 -12 8 7 6 
150.309036 0 0 0 8 8 5 -15 -15 -10 7 7 5 
90.393616 11 11 11 13 10 9 2 0 0 7 2 1 
84.053513 14 10 2 15 9 1 -2 -1 -1 6 1 0 
40.308517 12 8 2 13 7 -3 2 2 7 9 8 7 
39.963108 6 1 0 8 6 4 3 0 -1 13 11 8 
16.762018 14 10 2 18 12 4 -9 -4 -2 13 6 2 
2.969409 13 6 2 8 5 2 2 -1 0 7 2 1 
