66 
3052.208496 4 11 6 9 -1 3 -5 1 -1 14 6 5 
2886.898682 10 8 8 17 6 6 -9 -2 -2 15 2 2 
2216.589111 1 1 1 2 1 1 10 0 0 10 1 1 
1954.146240 0 0 0 7 3 4 -12 -6 -7 12 9 9 
1846.205322 0 0 0 4 2 2 -6 -2 -2 6 4 4 
1741.540894 15 9 4 8 -4 0 1 5 3 2 3 2 
1340.971680 1 1 1 5 5 3 -10 -8 -6 12 11 10 
1063.680664 11 7 7 0 1 1 1 0 0 1 1 1 
982.990051 15 3 3 17 16 13 0 -1 2 11 11 10 
873.288025 3 5 6 -1 6 8 7 2 2 9 5 5 
582.592468 5 15 8 16 2 8 -1 8 1 8 6 6 
526.575195 12 11 10 15 11 10 -7 -2 0 3 5 6 
520.474915 3 5 6 0 -2 -3 0 2 3 0 0 0 
477.377075 9 5 5 9 5 4 -2 0 1 2 2 2 
470.006165 9 1 1 14 4 2 -2 -7 -4 12 11 10 
417.712585 15 5 6 9 22 14 9 -15 -2 6 14 8 
410.244629 5 6 7 6 5 3 7 4 6 11 11 10 
388.075012 11 11 10 16 14 12 -5 -5 -1 12 7 5 
377.728790 2 5 3 15 10 7 -12 -9 -6 15 9 6 
372.487915 3 11 5 21 11 17 -5 1 -4 9 5 5 
369.340118 15 2 2 6 10 10 4 -3 -3 6 7 7 
341.722656 12 11 10 11 12 11 2 -4 -4 6 7 7 
335.285919 9 1 1 11 1 0 6 0 2 2 3 2 
334.929474 9 1 1 11 5 3 5 -6 -4 4 6 5 
317.672943 13 5 4 10 1 0 -1 1 3 2 3 2 
311.468628 9 1 1 18 5 4 -10 -6 -6 15 5 5 
311.409149 5 15 8 5 -7 -4 5 7 6 14 5 2 
300.565460 12 11 10 7 9 10 2 -2 -1 3 4 3 
289.943085 15 5 6 13 16 13 4 -1 2 11 11 10 
282.886444 9 5 5 9 6 3 1 -1 4 4 5 3 
247.979874 4 14 7 15 4 11 -3 1 -4 6 7 7 
246.988495 1 1 1 7 7 4 -12 -10 -4 13 6 3 
240.264709 3 9 4 11 9 5 -2 -12 -2 15 11 5 
238.793945 14 5 5 -9 -2 -1 8 2 2 1 1 1 
232.458771 1 1 1 2 4 1 -1 -6 0 2 4 2 
210.482437 2 2 2 2 1 2 5 5 4 9 7 7 
190.756348 13 4 2 1 15 9 16 -11 2 5 15 8 
186.666016 4 10 6 2 -6 -2 7 13 8 10 8 8 
185.705566 10 12 10 10 19 16 11 -12 -4 15 11 5 
185.210556 3 4 3 9 7 6 -4 -5 -3 13 6 5 
184.097458 12 8 8 14 11 8 -3 -2 2 4 4 3 
181.129776 15 3 3 22 5 9 -2 9 4 13 11 11 
167.156403 3 10 5 22 12 17 -4 1 -2 9 7 7 
162.916809 4 14 7 21 8 13 -2 4 -2 11 7 7 
161.067520 5 15 8 5 -7 1 0 13 8 5 6 7 
143.852875 12 11 10 15 18 16 9 -12 -7 15 11 5 
131.010559 2 6 3 1 -2 1 6 5 3 6 4 4 
117.937439 15 5 6 13 15 14 3 -4 -3 9 9 8 
117.761108 3 5 6 7 8 8 -2 -2 1 14 5 3 
105.148453 9 7 7 15 9 6 -5 -2 2 14 5 3 
93.384438 3 5 6 2 8 8 5 -1 2 3 5 3 
88.027344 5 15 8 16 11 13 4 2 3 15 6 4 
87.661049 6 4 4 10 19 11 -3 -23 -9 5 15 8 
68.020859 12 8 8 17 8 5 0 5 11 14 5 2 
64.903748 8 8 8 8 8 8 1 0 1 2 3 2 
59.068996 4 13 6 13 2 4 -11 -2 -3 15 9 6 
42.500477 15 5 6 11 8 7 5 2 2 10 6 6 
37.149754 6 4 4 7 5 4 2 1 2 6 7 7 
29.858503 3 5 6 2 8 10 3 -2 -4 4 3 3 
29.321337 5 7 5 2 0 4 6 6 3 2 3 2 
29.140530 15 11 5 20 0 6 -1 10 5 11 7 7 
18.578476 5 15 8 6 22 10 -2 -8 -4 2 3 2 
16.120319 15 8 7 20 5 3 3 0 5 14 5 2 
12.086615 5 15 8 -1 -11 -4 3 12 6 2 2 2 
11.488414 6 15 8 2 4 2 10 8 10 8 8 8 
1.851288 11 12 11 16 17 14 -1 1 0 4 8 5 
