52 
2945.555664 15 15 10 17 35 25 8 -15 -6 14 3 1 
635.971436 4 3 2 13 5 4 -13 -2 -2 14 5 4 
619.109863 4 3 2 16 15 11 -18 -20 -15 14 14 9 
468.031799 5 4 5 4 3 0 3 3 4 8 1 0 
424.806427 7 6 10 10 10 6 3 3 3 11 10 8 
420.772675 4 3 2 7 3 1 -2 3 3 6 1 0 
371.230560 8 1 0 5 7 7 3 0 -4 8 8 7 
339.680145 14 14 14 16 7 8 11 28 27 12 3 2 
270.519104 8 8 7 6 6 4 -2 -2 -1 2 2 2 
245.140991 15 15 10 20 18 14 -3 -1 2 5 6 8 
222.191772 15 6 5 1 2 3 7 6 0 5 4 6 
191.287308 13 10 8 9 3 2 3 -2 -3 8 1 0 
176.126953 14 5 4 15 9 7 1 9 10 9 11 11 
157.494492 5 6 8 2 0 -1 1 2 3 2 2 2 
153.393295 5 6 8 4 0 -4 2 4 6 4 3 2 
113.818359 11 8 6 7 0 2 2 6 1 6 1 2 
109.186684 2 2 2 3 3 3 -2 -1 -2 4 4 6 
109.038620 4 0 0 10 4 2 -1 -1 0 10 7 5 
107.558212 15 0 1 15 30 24 12 -1 1 12 12 11 
98.281548 15 0 1 19 1 0 4 13 10 14 11 9 
87.746780 6 5 8 8 5 1 4 3 3 11 8 6 
86.353683 14 11 9 16 14 12 1 5 6 9 11 11 
75.046089 14 3 1 26 -7 3 -12 7 -3 5 3 8 
71.805946 12 3 2 16 8 6 -2 6 5 8 8 7 
70.566002 15 15 15 18 -1 2 6 39 35 15 0 1 
62.267414 15 0 1 18 -2 2 -4 9 3 10 7 5 
57.436981 15 0 1 15 -4 -3 -8 10 11 5 6 8 
57.227448 4 0 0 1 1 1 2 2 2 2 2 2 
56.715607 15 15 9 19 21 17 2 -1 -1 13 10 8 
56.050987 15 15 13 20 21 18 5 4 3 5 6 8 
52.987766 8 1 0 9 2 2 2 -4 -6 12 12 13 
51.708599 15 6 5 27 10 11 -9 -11 -12 6 5 9 
51.507957 15 0 1 -11 2 1 12 1 2 2 2 2 
44.098225 5 5 6 2 5 7 14 8 4 12 9 7 
39.969688 15 6 5 11 0 2 -1 1 -1 6 1 0 
36.646832 4 0 0 11 9 8 -12 -13 -11 12 12 13 
34.150795 6 5 8 5 -2 -3 -1 9 8 6 0 2 
33.928886 4 0 0 4 4 5 4 -8 -10 5 4 6 
31.046888 15 0 1 9 1 2 1 1 -2 6 1 0 
30.395334 12 3 2 12 5 10 -5 -2 -10 6 5 9 
25.486193 13 10 8 21 14 15 -1 2 -4 5 3 9 
24.306444 5 4 9 12 14 10 3 3 6 9 11 11 
23.924534 5 4 6 1 1 1 7 0 0 6 1 0 
21.592894 6 1 0 6 -2 -3 4 2 4 13 10 8 
19.224901 5 3 9 8 4 2 12 -7 -4 15 2 4 
18.884205 14 5 4 19 29 30 5 -3 -3 15 15 15 
17.871130 15 0 1 28 -1 4 -13 0 -4 5 5 8 
16.869106 15 6 5 21 9 6 3 3 2 10 7 7 
16.592302 6 0 2 11 0 4 10 -1 -4 15 8 8 
12.137006 5 4 7 12 7 6 -4 1 1 13 3 4 
10.801023 10 7 7 11 2 2 8 3 1 12 3 2 
9.804294 5 3 10 6 8 3 -1 0 5 10 7 7 
