15 
1771.148926 12 12 11 -4 -4 -3 5 6 5 0 0 0 
814.358154 2 2 2 1 2 3 3 0 0 13 13 12 
450.603210 0 0 0 9 9 7 -13 -13 -10 13 13 12 
234.200409 7 1 1 -2 -1 -1 2 1 1 0 0 0 
215.329636 9 8 2 1 -4 1 4 4 -1 3 1 0 
177.734558 0 0 0 -2 0 0 4 0 0 3 1 0 
153.602432 10 8 2 3 3 5 6 5 3 6 5 5 
96.775818 7 1 1 7 3 3 5 5 6 10 9 8 
79.805992 10 3 3 9 -1 0 6 6 5 14 14 13 
62.016460 10 3 3 4 9 9 3 -2 -2 5 4 4 
59.234863 10 8 2 12 13 15 4 2 -1 10 3 3 
57.456318 2 2 2 8 9 4 -10 -10 -2 8 7 2 
34.133472 13 13 12 8 3 2 2 0 0 7 1 1 
31.301277 7 1 1 4 2 2 3 4 4 5 4 4 
21.443285 15 15 15 12 2 2 0 6 6 11 8 6 
