24 
1984.145752 13 13 13 -2 -2 -2 2 2 2 0 0 0 
1516.911133 15 11 10 6 10 13 7 1 -3 4 7 9 
880.074646 1 8 11 11 3 -1 4 9 14 14 14 13 
662.856995 13 6 3 21 7 -1 -6 2 9 8 10 9 
639.531372 0 0 0 -1 0 1 2 1 0 5 6 6 
582.254211 10 4 2 0 8 11 12 1 -2 3 8 9 
472.739075 13 6 3 -6 1 4 5 -1 -4 0 0 0 
333.501251 13 6 3 18 4 -3 1 6 9 11 11 11 
210.799561 7 7 7 8 10 7 0 -1 5 15 10 6 
209.116180 11 4 2 19 16 12 6 3 4 15 11 10 
195.663895 15 11 10 15 14 13 -1 -3 0 8 10 9 
187.656235 13 13 13 13 17 18 9 1 -1 15 11 10 
180.610168 15 14 10 -7 2 9 20 7 -2 1 8 11 
168.908966 14 14 10 3 7 8 8 1 3 8 11 9 
100.622200 0 0 0 6 2 0 -12 -5 -1 8 5 3 
79.351036 10 4 2 8 -1 -2 10 12 9 15 10 6 
67.827751 15 10 6 22 17 10 -1 -6 -1 15 15 10 
21.509455 12 2 2 12 10 5 4 3 6 12 10 9 
16.686598 11 11 11 13 16 18 3 -4 -7 10 4 2 
15.205970 7 4 3 10 4 2 8 7 8 12 8 7 
10.281820 0 0 0 3 1 1 -5 -2 -2 2 1 1 
4.808845 2 5 6 1 13 17 -1 2 3 0 9 12 
1.614168 6 7 6 10 12 11 -3 -4 -5 9 11 10 
1.333529 12 2 2 9 4 5 2 2 0 7 4 3 
