17 
1657.048218 7 7 7 6 11 14 5 -2 -6 11 6 2 
1382.256348 7 7 7 11 7 6 -3 4 7 11 8 5 
647.388672 13 12 11 7 8 9 1 0 -1 2 2 2 
595.503967 12 9 6 -5 -3 -3 7 5 5 2 2 2 
547.269287 11 6 2 10 0 -8 8 14 17 14 13 11 
487.141205 12 9 6 11 7 4 3 2 0 4 2 1 
392.773438 11 6 2 17 7 3 -2 2 0 5 0 0 
308.042328 14 13 11 19 19 18 -5 -9 -10 7 4 2 
214.411148 12 9 6 0 3 6 5 3 1 4 4 4 
173.581757 14 13 11 5 3 4 10 16 16 5 0 0 
124.174965 14 13 11 26 24 14 -9 -7 5 12 10 3 
112.611732 8 4 1 2 4 6 3 2 1 4 4 4 
63.162819 2 2 2 10 6 6 -12 -6 -6 8 5 5 
55.732029 4 2 1 6 10 10 9 5 3 14 13 11 
55.109993 7 7 7 9 3 3 0 10 10 5 0 0 
33.824493 12 9 6 19 15 9 -3 -2 -1 8 5 5 
20.869953 3 0 0 1 5 5 2 -1 -1 2 2 2 
