30 
1225.987061 1 2 5 18 17 17 -4 -1 2 12 11 11 
591.279236 1 2 5 4 2 6 -8 -4 -6 5 3 3 
438.468658 0 0 0 -10 -11 -13 15 16 18 9 10 11 
371.648376 5 3 1 4 6 8 9 9 8 8 9 10 
345.632141 12 11 11 13 5 2 6 19 24 8 4 2 
315.291626 0 0 0 5 4 4 -13 -11 -11 12 11 11 
275.505829 2 1 0 -1 1 5 0 -3 -10 1 2 5 
264.732178 1 2 5 0 -2 -5 -1 2 4 1 0 0 
223.116577 12 11 11 13 13 10 3 4 10 8 13 7 
208.801285 9 5 1 -9 -9 -3 16 20 17 8 13 7 
173.920731 7 8 10 13 10 6 -5 3 16 9 6 3 
159.183594 0 0 0 3 1 0 -5 -2 0 2 1 0 
154.221390 0 0 0 2 3 3 -4 -5 -5 2 2 2 
141.188095 0 0 0 9 14 8 -16 -25 -14 7 11 6 
128.723618 8 4 1 3 9 16 8 2 -1 3 5 7 
98.493103 0 0 0 0 1 1 -4 -5 -6 7 8 10 
86.482552 8 13 7 6 5 12 4 5 2 1 2 5 
83.565712 0 0 0 3 3 4 -7 -7 -10 6 6 8 
77.301933 7 12 6 4 3 10 8 6 4 3 5 7 
68.685555 1 2 5 3 5 9 -3 -3 -3 3 3 2 
62.742748 0 0 0 3 1 0 -5 -2 0 2 1 0 
59.785622 0 0 0 3 1 0 -5 -2 0 2 1 0 
44.281017 11 11 11 19 17 15 -11 -9 -5 1 2 5 
36.293819 6 1 0 3 4 2 -1 -2 2 3 3 2 
14.379794 8 3 3 10 19 13 1 2 -2 7 12 6 
10.100515 9 8 6 10 11 11 5 4 6 6 8 7 
10.071434 6 1 0 5 4 3 6 3 1 9 7 5 
3.420544 2 1 1 -2 -2 1 7 5 0 9 6 3 
3.349279 10 6 3 12 8 3 2 0 0 7 2 1 
1.752579 8 3 3 11 3 3 1 3 3 6 2 2 
