23 
1178.029053 1 1 1 -1 0 0 2 0 0 13 14 13 
898.992798 1 1 1 3 4 3 -3 -5 -3 11 10 8 
593.535522 1 1 1 6 9 8 -8 -14 -13 8 11 11 
580.519104 1 1 1 4 3 4 -5 -2 -5 11 7 7 
533.077148 1 1 1 5 3 3 -7 -3 -2 10 6 5 
532.828552 1 1 1 5 3 3 -7 -3 -2 10 6 5 
383.378296 14 12 5 -9 -8 0 9 8 2 1 1 1 
361.534393 7 6 5 10 3 4 1 14 9 12 4 5 
360.573547 15 15 14 17 9 10 7 22 19 12 5 5 
344.328430 15 12 1 18 21 29 6 4 -3 15 15 15 
343.666809 15 12 1 14 17 22 6 4 -2 7 10 10 
299.006073 12 5 5 14 20 14 4 -1 2 7 10 10 
151.743332 15 12 1 9 8 14 4 3 -3 7 6 5 
125.775200 15 13 5 14 12 11 7 5 3 12 2 4 
93.990448 7 6 5 13 12 3 -1 -2 8 14 13 6 
91.221504 13 14 13 17 18 16 3 1 0 11 10 8 
69.061615 12 2 4 12 13 10 0 -3 -2 7 6 5 
56.675957 12 3 4 14 19 16 2 -2 0 10 10 9 
46.833054 13 8 9 12 20 18 8 1 1 10 13 13 
44.292576 15 12 1 18 14 0 4 9 14 12 2 4 
37.007896 15 12 1 16 3 -10 10 27 28 11 1 3 
33.470455 7 10 10 7 1 2 7 24 22 11 2 3 
20.470078 11 1 3 18 25 25 5 -3 -17 15 12 1 
