13 
2150.911377 8 5 3 7 4 3 2 0 1 2 2 1 
1911.906006 6 7 7 10 4 -1 3 4 5 8 5 3 
1215.912720 1 1 1 -10 -11 -9 19 20 17 12 14 13 
772.345825 5 3 2 3 2 0 5 3 3 11 11 8 
238.191483 12 8 7 10 13 8 10 6 5 6 7 7 
206.323975 2 3 3 19 15 11 0 3 2 11 11 8 
142.953354 5 5 5 8 3 1 0 1 2 5 3 2 
129.931290 12 14 13 3 0 1 0 2 0 2 2 1 
100.782608 14 10 9 13 20 19 7 3 1 5 6 6 
17.412586 8 5 3 14 12 8 -6 -9 -8 13 11 8 
7.957837 15 12 11 20 13 13 2 -4 -3 8 2 3 
4.804036 12 4 5 16 6 6 6 9 8 15 12 11 
0.980883 8 2 3 10 1 3 7 4 3 11 5 5 
