14 
2043.947144 0 0 0 3 3 1 -5 -5 -3 8 6 5 
1382.924805 2 1 1 3 2 3 1 -1 -3 7 6 6 
1274.483643 4 5 8 13 14 15 -4 -5 -6 11 9 8 
1060.283081 0 0 0 6 5 5 -10 -10 -10 8 7 7 
781.704468 10 8 8 3 0 -2 1 2 3 2 1 1 
307.543884 2 2 5 0 -2 -5 0 2 4 0 0 0 
246.071075 15 15 15 7 3 -1 4 6 8 7 6 6 
202.308350 3 4 7 13 19 24 -6 -8 -11 14 13 13 
182.640030 8 7 7 8 8 9 3 3 1 3 4 7 
114.420296 5 3 3 5 -1 -1 4 8 9 8 9 11 
101.852249 2 1 1 4 3 4 -3 -5 -6 7 7 8 
80.848450 8 9 11 10 10 11 3 1 1 8 7 7 
58.626575 8 9 11 5 4 7 3 0 -3 5 3 3 
52.562244 13 12 11 5 4 7 5 7 6 6 6 7 
