96 
9191.817383 8 8 8 10 12 14 -2 -2 -3 14 5 1 
7252.186035 13 13 13 4 4 3 0 0 3 2 2 0 
3174.452393 15 13 12 6 7 8 1 2 1 3 2 2 
2609.261963 8 8 8 23 17 14 -20 -10 -5 15 10 8 
1484.557983 2 3 4 8 2 0 -5 4 7 6 2 1 
1163.963013 14 14 9 4 6 9 2 -2 -5 4 2 1 
1010.041565 14 5 1 11 4 3 -7 0 1 3 3 4 
990.206421 11 10 7 1 2 3 1 0 -3 2 2 0 
971.341553 14 1 2 -3 4 5 6 1 -1 2 3 4 
953.500549 2 3 4 16 10 6 -21 -11 -5 14 9 6 
878.820740 13 13 8 13 8 11 -13 -3 -3 15 10 8 
756.986633 0 4 7 14 9 2 -9 -5 4 9 9 6 
706.310059 14 5 1 -1 1 2 3 2 0 2 2 3 
682.081177 14 10 10 -2 10 16 36 19 7 0 6 11 
626.411194 1 5 6 3 -1 0 0 3 1 2 2 0 
625.628601 15 10 8 -10 -5 -5 11 7 4 2 2 0 
576.620911 14 1 2 -5 2 1 6 1 -1 2 2 0 
543.169067 14 5 1 5 2 2 -3 1 -1 2 2 0 
540.512329 0 6 10 9 3 -4 -5 0 7 5 5 3 
482.489685 2 5 5 8 3 1 -6 1 3 6 4 3 
426.417419 14 1 2 -5 7 8 13 -1 -3 1 5 6 
424.855225 5 4 2 10 8 9 -4 -1 -1 15 13 12 
401.211304 11 11 7 10 7 6 -2 5 5 6 2 1 
394.239105 14 1 2 18 27 27 0 -6 -5 15 13 12 
380.139038 14 3 3 21 -2 2 -13 4 0 4 2 1 
375.679291 15 13 12 5 7 8 1 -1 -1 2 2 2 
371.535492 14 5 1 16 15 3 6 -12 -2 13 4 4 
352.115295 9 8 5 4 4 5 -1 2 -2 4 1 1 
345.934265 2 3 3 7 6 0 -7 -7 4 6 6 1 
338.136322 14 5 1 10 5 3 -3 3 5 5 5 5 
322.514191 14 1 2 -7 4 4 9 -2 -2 1 3 3 
320.093048 14 14 9 13 9 10 -11 -4 -5 14 9 6 
318.867493 2 2 2 10 2 5 -14 1 -4 11 2 2 
297.076965 4 3 2 -2 5 12 7 -5 -15 0 5 9 
290.346313 6 6 1 -3 -1 6 7 2 -5 1 3 4 
283.955750 15 13 12 8 10 9 2 0 4 4 4 2 
281.098877 8 8 8 5 13 17 9 -1 -6 14 5 1 
269.732056 6 8 9 16 6 4 2 17 18 14 5 5 
249.811371 4 4 1 13 12 7 -14 -12 -7 15 14 9 
246.147354 13 13 13 25 40 33 -7 -42 -29 13 13 8 
205.604202 13 12 0 12 -2 12 10 -5 -15 14 7 8 
198.703827 11 6 4 -6 4 7 14 1 -3 1 5 6 
198.675659 13 5 5 37 1 0 -30 -6 0 15 14 9 
194.840591 11 10 0 -4 -4 3 9 8 1 6 6 4 
185.025513 15 10 8 28 5 -6 -13 0 6 4 2 1 
171.189362 13 13 13 25 23 24 -4 -18 -18 4 2 1 
168.528046 14 5 1 28 11 2 -16 -7 -2 4 3 2 
150.900146 6 5 1 20 6 11 4 -11 -14 14 7 8 
145.275497 2 2 2 3 4 3 -6 -2 -1 14 2 2 
142.545578 15 10 8 21 13 10 -12 -6 -4 4 3 2 
126.893738 15 10 8 23 16 12 -6 -5 -4 10 4 1 
104.725327 10 5 3 18 17 17 4 3 6 12 12 10 
102.884506 12 11 0 1 1 7 -3 -6 -10 14 9 6 
98.004677 14 1 2 23 -5 -1 -11 10 8 6 6 4 
96.163353 14 5 1 23 18 9 -4 -19 -15 14 14 9 
95.208450 0 6 11 2 -1 -4 0 7 10 1 5 6 
94.134590 4 2 1 15 14 8 -17 -22 -13 15 15 9 
93.663025 10 9 1 10 2 6 12 12 6 15 10 8 
91.494881 5 5 5 3 10 8 3 -3 0 14 2 2 
91.181702 14 1 2 0 12 11 11 2 3 8 8 8 
91.138275 5 5 5 3 10 8 3 -3 0 14 2 2 
90.969429 5 5 5 3 10 8 3 -3 0 14 2 2 
87.061089 10 4 1 17 14 2 -10 -18 -2 12 12 2 
85.146164 13 13 13 18 19 14 3 2 12 10 10 3 
81.195602 15 14 0 -1 -1 6 17 16 6 15 15 9 
80.427895 5 5 5 10 10 2 -5 -5 9 8 8 2 
79.892487 14 1 2 25 -2 2 -15 7 1 4 4 2 
76.152237 12 11 0 3 -3 6 -4 1 -7 12 7 5 
73.162788 14 3 4 16 4 2 9 -6 0 7 5 3 
69.841347 15 13 12 19 17 16 7 7 7 7 4 1 
57.633747 10 10 7 -5 0 4 13 5 0 1 5 6 
57.388912 10 4 1 3 -4 -5 6 11 9 15 15 9 
55.683361 5 5 5 16 3 3 -16 7 7 13 2 2 
53.827705 15 10 8 28 22 15 -13 -13 -7 6 5 2 
50.497490 14 1 2 18 8 1 5 -12 3 9 7 1 
47.573025 14 1 2 17 2 5 -1 13 8 10 10 8 
41.377392 13 13 13 5 9 9 8 1 1 2 5 5 
36.923756 15 10 8 12 7 5 -3 2 0 6 6 4 
30.250193 14 10 10 27 27 16 -16 -15 4 14 13 1 
29.602644 12 7 5 18 13 4 -10 -10 1 7 6 1 
29.490192 14 1 2 17 -5 -2 5 7 4 15 10 8 
28.986389 6 5 1 2 3 3 10 -2 -1 14 4 3 
25.615913 13 3 4 16 6 6 4 3 5 14 9 9 
24.625008 2 2 2 2 3 3 1 -1 0 4 2 1 
21.917660 2 2 2 4 2 2 -2 2 2 3 1 1 
20.588598 4 4 4 0 7 13 11 -3 -12 0 6 10 
17.903698 13 4 5 17 9 4 -9 -12 -3 11 10 2 
15.326302 13 6 7 7 -4 -4 -1 3 5 15 14 0 
12.974675 13 6 7 13 6 -1 -7 -10 1 12 12 2 
11.755836 11 10 2 3 -5 -1 8 8 4 4 0 0 
7.714322 1 1 1 1 2 4 0 -2 -5 1 3 5 
7.149296 11 11 11 14 13 14 9 6 4 0 6 11 
4.999247 4 2 1 11 10 1 -10 -13 0 9 8 1 
4.225174 1 3 4 6 7 8 -7 -7 -6 8 10 11 
3.918242 4 4 2 13 11 2 -12 -10 1 10 9 2 
0.793509 15 7 7 16 7 8 5 3 3 13 6 7 
